
A =

     1     1     0     0     0     0     0     0     0     0
     0     0     1     1     0     0     0     0     0     0
     0     0     0     0     1     1     0     0     0     0
    -1     0    -1     0     0     0     1     1     0     0
     0     0     0    -1    -1     0     0     0     1     1
     0    -1     0     0     0     0    -1     0    -1     0
     0     0     1     1     0    -1     0    -1     0    -1


実行可能解は見つかりませんでした。

制約を満たす点が存在しないため、linprog は停止しました。


x =

     []

calculation completed! -> visualization
[Input:save data? type 1(YES) or 0(NO)
>>>0
x_max = u'

x_max =

   175
    50
   200
   150
   100
    75
   200
   150
   200
   175

x_min = zeros(length(u),1)

x_min =

     0
     0
     0
     0
     0
     0
     0
     0
     0
     0

c * x_min

ans =

     0

c * x_max

ans =

   25.2500

A * x_max

ans =

   225
   350
   175
   -25
   125
  -450
   -50

b

b =

   200   300   100     0     0  -400  -200

b = [200, 300, 100, 0, 0, -400, -200]'

b =

   200
   300
   100
     0
     0
  -400
  -200

A * x_max

ans =

   225
   350
   175
   -25
   125
  -450
   -50

(A * x_max < b)

ans =

  7x1 の logical 配列

   0
   0
   0
   1
   0
   1
   0

(A * x_min < b)

ans =

  7x1 の logical 配列

   1
   1
   1
   0
   0
   0
   0

OSD12_2

A =

     1     1     0     0     0     0     0     0     0     0
     0     0     1     1     0     0     0     0     0     0
     0     0     0     0     1     1     0     0     0     0
    -1     0    -1     0     0     0     1     1     0     0
     0     0     0    -1    -1     0     0     0     1     1
     0    -1     0     0     0     0    -1     0    -1     0
     0     0     1     1     0    -1     0    -1     0    -1


実行可能解は見つかりませんでした。

制約を満たす点が存在しないため、linprog は停止しました。


x =

     []

calculation completed! -> visualization
[Input:save data? type 1(YES) or 0(NO)
>>>0
x_min

x_min =

     0
     0
     0
     0
     0
     0
     0
     0
     0
     0

x_max

x_max =

   175
    50
   200
   150
   100
    75
   200
   150
   200
   175

OSD12_2

A =

     1     1     0     0     0     0     0     0     0     0
     0     0     1     1     0     0     0     0     0     0
     0     0     0     0     1     1     0     0     0     0
    -1     0    -1     0     0     0     1     1     0     0
     0     0     0    -1    -1     0     0     0     1     1
     0    -1     0     0     0     0    -1     0    -1     0
     0     0     1     1     0    -1     0    -1     0    -1


実行可能解は見つかりませんでした。

制約を満たす点が存在しないため、linprog は停止しました。


x =

     []

calculation completed! -> visualization
[Input:save data? type 1(YES) or 0(NO)
>>>0
c

c =

    0.0200
         0
    0.0100
    0.0100
    0.0100
         0
    0.0400
    0.0100
    0.0300
    0.0100

c' * x
{行列乗算に対する次元が正しくありません。最初の行列の列数が 2 番目の行列の行数と一致することを確認してください。要素単位の乗算を実行するには '.*' を使用します。
} 
c' * x_min
{エラー: *
行列乗算に対する次元が正しくありません。最初の行列の列数が 2 番目の行列の行数と一致することを確認してください。要素単位の乗算を実行するには '.*' を使用します。
} 
x_min

x_min =

     0     0     0     0     0     0     0     0     0     0

c

c =

    0.0200
         0
    0.0100
    0.0100
    0.0100
         0
    0.0400
    0.0100
    0.0300
    0.0100

c'

ans =

    0.0200         0    0.0100    0.0100    0.0100         0    0.0400    0.0100    0.0300    0.0100

c

c =

    0.0200
         0
    0.0100
    0.0100
    0.0100
         0
    0.0400
    0.0100
    0.0300
    0.0100

c

c =

    0.0200
         0
    0.0100
    0.0100
    0.0100
         0
    0.0400
    0.0100
    0.0300
    0.0100

OSD12_2

A =

     1     1     0     0     0     0     0     0     0     0
     0     0     1     1     0     0     0     0     0     0
     0     0     0     0     1     1     0     0     0     0
    -1     0    -1     0     0     0     1     1     0     0
     0     0     0    -1    -1     0     0     0     1     1
     0    -1     0     0     0     0    -1     0    -1     0
     0     0     1     1     0    -1     0    -1     0    -1


実行可能解は見つかりませんでした。

制約を満たす点が存在しないため、linprog は停止しました。


x =

     []

calculation completed! -> visualization
[Input:save data? type 1(YES) or 0(NO)
>>>0
c

c =

    0.0200         0    0.0100    0.0100    0.0100         0    0.0400    0.0100    0.0300    0.0100

c'

ans =

    0.0200
         0
    0.0100
    0.0100
    0.0100
         0
    0.0400
    0.0100
    0.0300
    0.0100

c' * x
{行列乗算に対する次元が正しくありません。最初の行列の列数が 2 番目の行列の行数と一致することを確認してください。要素単位の乗算を実行するには '.*' を使用します。
} 
c' * x_min

ans =

     0     0     0     0     0     0     0     0     0     0
     0     0     0     0     0     0     0     0     0     0
     0     0     0     0     0     0     0     0     0     0
     0     0     0     0     0     0     0     0     0     0
     0     0     0     0     0     0     0     0     0     0
     0     0     0     0     0     0     0     0     0     0
     0     0     0     0     0     0     0     0     0     0
     0     0     0     0     0     0     0     0     0     0
     0     0     0     0     0     0     0     0     0     0
     0     0     0     0     0     0     0     0     0     0

OSD12_2

A =

     1     1     0     0     0     0     0     0     0     0
     0     0     1     1     0     0     0     0     0     0
     0     0     0     0     1     1     0     0     0     0
    -1     0    -1     0     0     0     1     1     0     0
     0     0     0    -1    -1     0     0     0     1     1
     0    -1     0     0     0     0    -1     0    -1     0
     0     0     1     1     0    -1     0    -1     0    -1


実行可能解は見つかりませんでした。

制約を満たす点が存在しないため、linprog は停止しました。


x =

     []

calculation completed! -> visualization
[Input:save data? type 1(YES) or 0(NO)
>>>0
c

c =

    0.0200
         0
    0.0100
    0.0100
    0.0100
         0
    0.0400
    0.0100
    0.0300
    0.0100

x_max

x_max =

   175
    50
   200
   150
   100
    75
   200
   150
   200
   175

c' * x_min
{エラー: *
行列乗算に対する次元が正しくありません。最初の行列の列数が 2 番目の行列の行数と一致することを確認してください。要素単位の乗算を実行するには '.*' を使用します。
} 
x_min

x_min =

     0     0     0     0     0     0     0     0     0     0

x_min = zeros(length(u), 1)

x_min =

     0
     0
     0
     0
     0
     0
     0
     0
     0
     0

x_max

x_max =

   175
    50
   200
   150
   100
    75
   200
   150
   200
   175

c' * x_min

ans =

     0

A * x_min

ans =

     0
     0
     0
     0
     0
     0
     0

b

b =

   200
   300
   100
     0
     0
  -400
  -200

OSD12_2

A =

     1     1     0     0     0     0     0     0     0     0
     0     0     1     1     0     0     0     0     0     0
     0     0     0     0     1     1     0     0     0     0
    -1     0    -1     0     0     0     1     1     0     0
     0     0     0    -1    -1     0     0     0     1     1
     0    -1     0     0     0     0    -1     0    -1     0
     0     0     1     1     0    -1     0    -1     0    -1


実行可能解は見つかりませんでした。

制約を満たす点が存在しないため、linprog は停止しました。


x =

     []

calculation completed! -> visualization
[Input:save data? type 1(YES) or 0(NO)
>>>0
c = [0.02, 0, 0.01, 0.01, 0.01, 0, 0.04, 0.01, 0.03, 0.01]

c =

    0.0200         0    0.0100    0.0100    0.0100         0    0.0400    0.0100    0.0300    0.0100

b = [200; 300; 100; 0; 0; -400; -200]

b =

   200
   300
   100
     0
     0
  -400
  -200

u

u =

   175
    50
   200
   150
   100
    75
   200
   150
   200
   175

u = [175, 50, 200, 150, 100, 75, 200, 150, 200, 175]

u =

   175    50   200   150   100    75   200   150   200   175

x_min = zeros(length(u), 1)

x_min =

     0
     0
     0
     0
     0
     0
     0
     0
     0
     0

x_min = zeros(1, length(u))

x_min =

     0     0     0     0     0     0     0     0     0     0

c * x_min
{エラー: *
行列乗算に対する次元が正しくありません。最初の行列の列数が 2 番目の行列の行数と一致することを確認してください。要素単位の乗算を実行するには '.*' を使用します。
} 
c' * x_min

